13800138001 13800138002
13800138002 13800138003
13800138001 13800138004
13800138005 13800138001
13800138001 13800138006
13800138003 13800138007
13800138008 13800138001
13800138001 13800138009
13800138002 13800138010
13800138011 13800138002
13800138002 13900139001
13900139002 13800138002
13800138003 13800138004
13900139003 13800138003
13800138003 13900139004
13800138004 13800138005
13800138005 13800138006
13800138006 13800138007
13800138007 13800138008
13800138008 13800138009
13800138009 13800138010
13800138010 13800138011
13800138011 13900139001
13900139001 13900139002
13900139002 13900139003
13900139003 13900139004
13900139004 13900139005
13900139005 13900139006
13900139006 13900139007
13900139007 13900139008
13900139008 13900139009
13900139009 13900139010
13900139010 15800158001
15800158001 15800158002
15800158002 15800158003
15800158003 15800158004
15800158004 15800158005
15800158005 13800138001
15800158006 13800138001
15800158007 13800138001
15800158008 13800138002
13800138001 15800158001
13800138002 13900139005
13800138001 13900139010
13800138002 15800158003
13800138001 13900139002
